Process_3 : 3168.898884
Process_2 : 3328.243919
Process_1 : 4623.903087
